251,4
251,3
251,1
249,3
249,1
248,3
248,1
239,3
239,1
194,3
194,1
190,3
190,1
189,6
189,5
189,4
189,3
189,1
111,3
111,1
84,3
84,1
83,3
83,1
70,3
70,1
69,3
69,1
68,3
68,1
60,3
60,1
59,9
59,8
59,7
59,4
59,3
59,1
20,3
20,2
20,1
19,3
19,2
19,1
18,3
18,1
14,64
14,35
14,26
14,24
14,23
14,20
14,11
14,10
14,9
14,8
14,4
14,3
14,1
13,5
13,4
13,3
13,1
12,3
12,2
12,1
11,30
11,29
11,28
11,27
11,26
11,25
11,24
11,23
11,22
11,21
11,20
11,19
11,18
11,17
11,16
11,15
11,14
11,13
11,12
11,11
11,10
11,9
11,8
11,7
11,6
11,5
11,4
11,3
11,2
11,1
10,316
10,315
10,314
10,313
10,312
10,311
10,310
10,309
10,308
10,307
10,306
10,305
10,304
10,303
10,302
10,301
10,300
10,293
10,288
10,275
10,259
10,255
10,249
10,243
10,206
10,204
10,194
10,179
10,175
10,161
10,154
10,151
10,132
10,127
10,116
10,112
10,110
10,105
10,88
10,65
10,19
10,5
10,3
10,2
10,1
9,7
